# molecule file for lammps

17 atoms
16 bonds
30 angles
36 dihedrals

Coords

1	0.0	0.0	0.0
2	-0.5031	-0.7113	1.2321
3	-0.5031	-0.7113	-1.2321
4	-0.5031	1.4226	0.0
5	1.509	0.0	0.0
6	-0.156	-0.2205	2.1462
7	-1.5966	-0.7299	1.2639
8	-0.156	-1.7484	1.2639
9	-0.156	-0.2205	-2.1462
10	-1.5966	-0.7299	-1.2639
11	-0.156	-1.7484	-1.2639
12	-0.156	1.9689	-0.8823
13	-1.5966	1.4595	0.0
14	-0.156	1.9689	0.8823
15	1.9083	0.5094	-0.8823
16	1.9083	-1.0188	0.0
17	1.9083	0.5094	0.8823

Types # full

1	1
2	2
3	2
4	2
5	2
6	3
7	3
8	3
9	3
10	3
11	3
12	3
13	3
14	3
15	3
16	3
17	3

Charges

1	0.08172
2	-0.21538
3	-0.21538
4	-0.21538
5	-0.21538
6	0.14832
7	0.14832
8	0.14832
9	0.14832
10	0.14832
11	0.14832
12	0.14832
13	0.14832
14	0.14832
15	0.14832
16	0.14832
17	0.14832

Bonds # harmonic

1	1	1	2
2	1	1	3
3	1	1	4
4	1	1	5
5	2	2	6
6	2	2	7
7	2	2	8
8	2	3	9
9	2	3	10
10	2	3	11
11	2	4	12
12	2	4	13
13	2	4	14
14	2	5	15
15	2	5	16
16	2	5	17

Angles # fourier

1	1	2	1	3
2	1	2	1	4
3	1	2	1	5
4	1	3	1	4
5	1	3	1	5
6	1	4	1	5
7	2	1	2	6
8	2	1	2	7
9	2	1	2	8
10	3	6	2	7
11	3	6	2	8
12	3	7	2	8
13	2	1	3	9
14	2	1	3	10
15	2	1	3	11
16	3	9	3	10
17	3	9	3	11
18	3	10	3	11
19	2	1	4	12
20	2	1	4	13
21	2	1	4	14
22	3	12	4	13
23	3	12	4	14
24	3	13	4	14
25	2	1	5	15
26	2	1	5	16
27	2	1	5	17
28	3	15	5	16
29	3	15	5	17
30	3	16	5	17

Dihedrals # harmonic

1	1	3	1	2	6
2	1	3	1	2	7
3	1	3	1	2	8
4	1	4	1	2	6
5	1	4	1	2	7
6	1	4	1	2	8
7	1	5	1	2	6
8	1	5	1	2	7
9	1	5	1	2	8
10	1	2	1	3	9
11	1	2	1	3	10
12	1	2	1	3	11
13	1	4	1	3	9
14	1	4	1	3	10
15	1	4	1	3	11
16	1	5	1	3	9
17	1	5	1	3	10
18	1	5	1	3	11
19	1	2	1	4	12
20	1	2	1	4	13
21	1	2	1	4	14
22	1	3	1	4	12
23	1	3	1	4	13
24	1	3	1	4	14
25	1	5	1	4	12
26	1	5	1	4	13
27	1	5	1	4	14
28	1	2	1	5	15
29	1	2	1	5	16
30	1	2	1	5	17
31	1	3	1	5	15
32	1	3	1	5	16
33	1	3	1	5	17
34	1	4	1	5	15
35	1	4	1	5	16
36	1	4	1	5	17
