# molecule file for lammps

11 atoms
10 bonds
18 angles
18 dihedrals

Coords

1	-0.0	-1.274	-0.28
2	0.899	-1.273	-0.901
3	-0.0	-2.128	0.402
4	-0.899	-1.273	-0.901
5	0.0	1.274	-0.28
6	-0.899	1.273	-0.901
7	0.0	2.128	0.402
8	0.899	1.273	-0.901
9	0.0	0.0	0.546
10	-0.822	0.0	1.168
11	0.822	0.0	1.168

Types # full

1	1
2	2
3	2
4	2
5	1
6	2
7	2
8	2
9	3
10	2
11	2

Charges

1	-0.21337
2	0.15079
3	0.15079
4	0.15079
5	-0.21337
6	0.15079
7	0.15079
8	0.15079
9	-0.04839
10	0.28519
11	0.28519

Bonds # harmonic

1	1	1	2
2	1	1	3
3	1	1	4
4	2	1	9
5	1	5	6
6	1	5	7
7	1	5	8
8	2	5	9
9	3	9	10
10	3	9	11

Angles # fourier

1	1	2	1	3
2	1	2	1	4
3	2	2	1	9
4	1	3	1	4
5	2	3	1	9
6	2	4	1	9
7	1	6	5	7
8	1	6	5	8
9	2	6	5	9
10	1	7	5	8
11	2	7	5	9
12	2	8	5	9
13	3	1	9	5
14	4	1	9	10
15	4	1	9	11
16	4	5	9	10
17	4	5	9	11
18	5	10	9	11

Dihedrals # harmonic

1	1	2	1	9	5
2	1	2	1	9	10
3	1	2	1	9	11
4	1	3	1	9	5
5	1	3	1	9	10
6	1	3	1	9	11
7	1	4	1	9	5
8	1	4	1	9	10
9	1	4	1	9	11
10	1	6	5	9	1
11	1	6	5	9	10
12	1	6	5	9	11
13	1	7	5	9	1
14	1	7	5	9	10
15	1	7	5	9	11
16	1	8	5	9	1
17	1	8	5	9	10
18	1	8	5	9	11
