# TMA molecule

17 atoms
16 bonds
30 angles
36 dihedrals

Coords

1  0  0  0
2  0.749  1.155  -0.62
3  -1.479  0.161  -0.26
4  0.25  -0.021  1.489
5  0.48  -1.296  -0.609
6  1.813  1.023  -0.423
7  0.391  2.081  -0.169
8  0.558  1.155  -1.693
9  -2.003  -0.68  0.194
10  -1.808  1.1  0.186
11  -1.641  0.174  -1.338
12  -0.297  -0.86  1.92
13  -0.102  0.921  1.912
14  1.321  -0.137  1.658
15  -0.071  -2.118  -0.151
16  1.548  -1.396  -0.412
17  0.292  -1.263  -1.683

Types

1  6
2  5
3  5
4  5
5  5
6  7
7  7
8  7
9  7
10  7
11  7
12  7
13  7
14  7
15  7
16  7
17  7

Charges

1  0.08172
2  -0.215384
3  -0.215384
4  -0.215384
5  -0.215384
6  0.148318
7  0.148318
8  0.148318
9  0.148318
10  0.148318
11  0.148318
12  0.148318
13  0.148318
14  0.148318
15  0.148318
16  0.148318
17  0.148318

Bonds

1	5	1	2
2	5	1	3
3	5	1	4
4	5	1	5
5	6	2	6
6	6	2	7
7	6	2	8
8	6	3	9
9	6	3	10
10	6	3	11
11	6	4	12
12	6	4	13
13	6	4	14
14	6	5	15
15	6	5	16
16	6	5	17

Angles

1  9  2  1  3
2  9  2  1  4
3  9  2  1  5
4  9  3  1  4
5  9  3  1  5
6  9  4  1  5
7  7  1  2  6
8  7  1  2  7
9  7  1  2  8
10  8  6  2  7
11  8  6  2  8
12  8  7  2  8
13  7  1  3  9
14  7  1  3  10
15  7  1  3  11
16  8  9  3  10
17  8  9  3  11
18  8  10  3  11
19  7  1  4  12
20  7  1  4  13
21  7  1  4  14
22  8  12  4  13
23  8  12  4  14
24  8  13  4  14
25  7  1  5  15
26  7  1  5  16
27  7  1  5  17
28  8  15  5  16
29  8  15  5  17
30  8  16  5  17

Dihedrals

1	3	3	1	2	6
2	3	3	1	2	7
3	3	3	1	2	8
4	3	4	1	2	6
5	3	4	1	2	7
6	3	4	1	2	8
7	3	5	1	2	6
8	3	5	1	2	7
9	3	5	1	2	8
10	3	2	1	3	9
11	3	2	1	3	10
12	3	2	1	3	11
13	3	4	1	3	9
14	3	4	1	3	10
15	3	4	1	3	11
16	3	5	1	3	9
17	3	5	1	3	10
18	3	5	1	3	11
19	3	2	1	4	12
20	3	2	1	4	13
21	3	2	1	4	14
22	3	3	1	4	12
23	3	3	1	4	13
24	3	3	1	4	14
25	3	5	1	4	12
26	3	5	1	4	13
27	3	5	1	4	14
28	3	2	1	5	15
29	3	2	1	5	16
30	3	2	1	5	17
31	3	3	1	5	15
32	3	3	1	5	16
33	3	3	1	5	17
34	3	4	1	5	15
35	3	4	1	5	16
36	3	4	1	5	17
